$ANSIBLE_VAULT;1.1;AES256
62303331303638626663633765613436626164386262663838313933653630623336353035616336
6432343361376638616538623233613930386437336662330a333533323133393365623031306132
64653466653136623537623532356635666137346564653333653265636534613031613164656661
6132663363383265330a303531613133303566343534303535343864366333663163316539366432
33366432313537356263396130663265383662343037616131303666326539306538393035366262
65363739656336623638346531313465383564306635383537656536376434323636363133666162
39396433623032316636333133323535306465303237623361336365356637666632383735383536
39356338623132353137316132313334383338376232303861306330623063643564353739366635
36643031303231663531386433323030333136313131313938613538613265386236636433386232
64323232376237623137313666393062653765626237373432396332663434393730303465323265
63323335646137633636396364613733633362633334656536663738666338613731313035323165
32353065393963633361643762653065343533663836373261333265313436346163313264666337
33366565623061326335343235373732356565333563646536363966663764376233353164386235
39303630663934633831386664313164356639663930623334313663663731323936316266626666
38636464653236383061333735653030623130663365643661383464323433643362346365363331
37663335623963336166666664346262633436313366373739353535373761623863336535626163
63363162366434333333656237613135666161393437646461663662393336353864343635353635
38396538666430656165653230666331326438363532366438643133386461306465623061613964
61393564646536633832613332626266323133366539623539343230333266353531353731623662
36353533393537306361393631303632306436373131613366343733623034383366626435663465
63326365666662616233313031343662636162616432643036383738666363653232323836646635
38656166356532393364393039646663646164653337323034393964663636633262363837366531
36306165623435353835396365636332306165633962373564353533373738643833643563363565
39316537616239373763616532633939356435613562353864333432643965306236343833623832
6332
